2023/05/24 15:11:26.237844 [INFO] Starting...
2023/05/24 15:11:26.237878 [INFO] Starting EBPlatform-PlatformEngine
2023/05/24 15:11:26.237937 [INFO] reading event message file
2023/05/24 15:11:26.238109 [INFO] Engine received EB command userdata-exec

2023/05/24 15:11:26.357309 [INFO] Running command /bin/sh -c /opt/aws/bin/cfn-get-metadata -s arn:aws:cloudformation:ap-south-1:075370605157:stack/awseb-e-iqggcrpkfm-stack/23bdc480-fa45-11ed-bf21-0223640e7e62 -r AWSEBAutoScalingGroup --region ap-south-1
2023/05/24 15:11:27.658088 [INFO] Running command /bin/sh -c /opt/aws/bin/cfn-get-metadata -s arn:aws:cloudformation:ap-south-1:075370605157:stack/awseb-e-iqggcrpkfm-stack/23bdc480-fa45-11ed-bf21-0223640e7e62 -r AWSEBBeanstalkMetadata --region ap-south-1
2023/05/24 15:11:28.092966 [INFO] This is a workflow controlled instance.
2023/05/24 15:11:28.093064 [INFO] Engine command: (env-launch)

2023/05/24 15:11:28.093292 [INFO] Executing instruction: SyncClock
2023/05/24 15:11:28.093296 [INFO] Starting SyncClock
2023/05/24 15:11:28.093309 [INFO] Running command /bin/sh -c /usr/bin/chronyc tracking
2023/05/24 15:11:28.099283 [INFO] Reference ID    : A9FEA97B (169.254.169.123)
Stratum         : 4
Ref time (UTC)  : Wed May 24 15:11:26 2023
System time     : 0.386702657 seconds slow of NTP time
Last offset     : -0.503722966 seconds
RMS offset      : 0.503722966 seconds
Frequency       : 10.648 ppm fast
Residual freq   : -17.975 ppm
Skew            : 27.951 ppm
Root delay      : 0.000209911 seconds
Root dispersion : 0.000350584 seconds
Update interval : 0.0 seconds
Leap status     : Normal

2023/05/24 15:11:28.099310 [INFO] Running command /bin/sh -c /usr/bin/chronyc -a makestep
2023/05/24 15:11:28.488236 [INFO] 200 OK

2023/05/24 15:11:28.488592 [INFO] Skipping Configure OS
2023/05/24 15:11:28.488603 [INFO] Skipping LockRepo
2023/05/24 15:11:28.488608 [INFO] Skipping GenerateEBBanner
2023/05/24 15:11:28.488612 [INFO] Skipping Install Process Manager
2023/05/24 15:11:28.488617 [INFO] Skipping install syslog
2023/05/24 15:11:28.488621 [INFO] Skipping install cron
2023/05/24 15:11:28.488624 [INFO] Skipping install proxy
2023/05/24 15:11:28.488628 [INFO] Skipping installhealthd
2023/05/24 15:11:28.488632 [INFO] Skipping Install Log Streaming Manager
2023/05/24 15:11:28.488636 [INFO] Skipping install X-Ray
2023/05/24 15:11:28.488640 [INFO] Skipping install Third Party License
2023/05/24 15:11:28.488644 [INFO] Skipping install httpd
2023/05/24 15:11:28.488653 [INFO] Instance has NOT been bootstrapped
2023/05/24 15:11:28.488655 [INFO] Executing instruction: installSqsd
2023/05/24 15:11:28.488659 [INFO] This is a web server environment instance, skip install sqsd daemon ...
2023/05/24 15:11:28.488662 [INFO] Instance has NOT been bootstrapped
2023/05/24 15:11:28.488665 [INFO] Executing instruction: bootstraphealthd
2023/05/24 15:11:28.488668 [INFO] this is an enhanced health env ...
2023/05/24 15:11:28.488683 [INFO] bootstrap healthd....
2023/05/24 15:11:28.488694 [INFO] Running command /bin/sh -c /usr/bin/id -u healthd || /usr/sbin/useradd --user-group healthd -s /sbin/nologin --create-home
2023/05/24 15:11:28.516196 [INFO] /usr/bin/id: healthd: no such user

2023/05/24 15:11:28.516748 [INFO] bootstrap healthd....
2023/05/24 15:11:28.516765 [INFO] Running command /bin/sh -c /usr/bin/id -u healthd || /usr/sbin/useradd --user-group healthd -s /sbin/nologin --create-home
2023/05/24 15:11:28.519141 [INFO] 1001

2023/05/24 15:11:28.519323 [INFO] configure bundle log for healthd...
2023/05/24 15:11:28.519360 [INFO] Executing instruction: GetSetupProxyLog
2023/05/24 15:11:28.519411 [INFO] Skipping Install yum packages
2023/05/24 15:11:28.519416 [INFO] Skipping Install default nodejs
2023/05/24 15:11:28.519420 [INFO] Skipping MarkBaked
2023/05/24 15:11:28.519427 [INFO] Instance has NOT been bootstrapped
2023/05/24 15:11:28.519430 [INFO] Executing instruction: TuneSystemSettings
2023/05/24 15:11:28.519432 [INFO] Starting TuneSystemSettings
2023/05/24 15:11:28.519435 [INFO] Instance has NOT been bootstrapped
2023/05/24 15:11:28.520143 [INFO] Executing instruction: GetSetupLogRotate
2023/05/24 15:11:28.520149 [INFO] Initialize LogRotate files and directories
2023/05/24 15:11:28.532209 [INFO] Instance has NOT been bootstrapped
2023/05/24 15:11:28.532221 [INFO] Executing instruction: BootstrapCFNHup
2023/05/24 15:11:28.532224 [INFO] Bootstrap cfn-hup
2023/05/24 15:11:28.534057 [INFO] Copying file /opt/elasticbeanstalk/config/private/aws-eb-command-handler.conf to /etc/cfn/hooks.d/aws-eb-command-handler.conf
2023/05/24 15:11:28.535781 [INFO] Executing instruction: StartCFNHup
2023/05/24 15:11:28.535787 [INFO] Start cfn-hup
2023/05/24 15:11:28.535804 [INFO] Running command /bin/sh -c systemctl show -p PartOf cfn-hup.service
2023/05/24 15:11:28.543050 [INFO] cfn-hup is not registered with EB yet, registering it now
2023/05/24 15:11:28.543076 [INFO] Running command /bin/sh -c systemctl show -p PartOf cfn-hup.service
2023/05/24 15:11:28.551836 [INFO] Running command /bin/sh -c systemctl daemon-reload
2023/05/24 15:11:28.711941 [INFO] Running command /bin/sh -c systemctl reset-failed
2023/05/24 15:11:28.715624 [INFO] Running command /bin/sh -c systemctl is-enabled aws-eb.target
2023/05/24 15:11:28.719201 [INFO] Running command /bin/sh -c systemctl enable aws-eb.target
2023/05/24 15:11:28.787514 [INFO] Running command /bin/sh -c systemctl start aws-eb.target
2023/05/24 15:11:28.791504 [INFO] Running command /bin/sh -c systemctl enable cfn-hup.service
2023/05/24 15:11:28.866577 [INFO] Created symlink from /etc/systemd/system/multi-user.target.wants/cfn-hup.service to /etc/systemd/system/cfn-hup.service.

2023/05/24 15:11:28.866604 [INFO] Running command /bin/sh -c systemctl is-active cfn-hup.service
2023/05/24 15:11:28.870281 [INFO] cfn-hup process is not running, starting it now
2023/05/24 15:11:28.870299 [INFO] Running command /bin/sh -c systemctl show -p PartOf cfn-hup.service
2023/05/24 15:11:28.874329 [INFO] Running command /bin/sh -c systemctl is-active cfn-hup.service
2023/05/24 15:11:28.877602 [INFO] Running command /bin/sh -c systemctl start cfn-hup.service
2023/05/24 15:11:28.918146 [INFO] Instance has NOT been bootstrapped
2023/05/24 15:11:28.918160 [INFO] Executing instruction: SetupPublishLogCronjob
2023/05/24 15:11:28.918164 [INFO] Setup publish logs cron job...
2023/05/24 15:11:28.918168 [INFO] Copying file /opt/elasticbeanstalk/config/private/logtasks/cron/publishlogs to /etc/cron.d/publishlogs
2023/05/24 15:11:28.919428 [INFO] Instance has NOT been bootstrapped
2023/05/24 15:11:28.919436 [INFO] Executing instruction: MarkBootstrapped
2023/05/24 15:11:28.919440 [INFO] Starting MarkBootstrapped
2023/05/24 15:11:28.919445 [INFO] Instance has NOT been bootstrapped
2023/05/24 15:11:28.919493 [INFO] Marked instance as Bootstrapped
2023/05/24 15:11:28.919497 [INFO] Executing instruction: Save CFN Stack Info
2023/05/24 15:11:28.919543 [INFO] Starting SwitchCFNStack
2023/05/24 15:11:28.919548 [INFO] Executing cleanup logic
2023/05/24 15:11:28.919558 [INFO] Platform Engine finished execution on command: env-launch

2023/05/24 15:11:45.939469 [INFO] Starting...
2023/05/24 15:11:45.939507 [INFO] Starting EBPlatform-PlatformEngine
2023/05/24 15:11:45.939521 [INFO] reading event message file
2023/05/24 15:11:45.939652 [INFO] Engine received EB command cfn-hup-exec

2023/05/24 15:11:46.014849 [INFO] Running command /bin/sh -c /opt/aws/bin/cfn-get-metadata -s arn:aws:cloudformation:ap-south-1:075370605157:stack/awseb-e-iqggcrpkfm-stack/23bdc480-fa45-11ed-bf21-0223640e7e62 -r AWSEBAutoScalingGroup --region ap-south-1
2023/05/24 15:11:46.358917 [INFO] Running command /bin/sh -c /opt/aws/bin/cfn-get-metadata -s arn:aws:cloudformation:ap-south-1:075370605157:stack/awseb-e-iqggcrpkfm-stack/23bdc480-fa45-11ed-bf21-0223640e7e62 -r AWSEBBeanstalkMetadata --region ap-south-1
2023/05/24 15:11:46.654955 [INFO] checking whether command app-deploy is applicable to this instance...
2023/05/24 15:11:46.654967 [INFO] this command is applicable to the instance, thus instance should execute command
2023/05/24 15:11:46.654969 [INFO] Engine command: (app-deploy)

2023/05/24 15:11:46.654974 [INFO] Downloading EB Application...
2023/05/24 15:11:46.654979 [INFO] Region: ap-south-1
2023/05/24 15:11:46.654982 [INFO] envID: e-iqggcrpkfm
2023/05/24 15:11:46.654984 [INFO] envBucket: elasticbeanstalk-ap-south-1-075370605157
2023/05/24 15:11:46.654986 [INFO] Using manifest file name from command request
2023/05/24 15:11:46.654991 [INFO] Unable to get version manifest file.
2023/05/24 15:11:46.654993 [INFO] Downloading latest manifest available.
2023/05/24 15:11:46.654996 [INFO] Download latest app version manifest
2023/05/24 15:11:46.655056 [INFO] resources/environments/e-iqggcrpkfm/_runtime/versions/manifest
2023/05/24 15:11:46.710704 [INFO] latestManifest key *: resources/environments/e-iqggcrpkfm/_runtime/versions/manifest_1684941037317

2023/05/24 15:11:46.710830 [INFO] Downloading: bucket: elasticbeanstalk-ap-south-1-075370605157, object: /resources/environments/e-iqggcrpkfm/_runtime/versions/manifest_1684941037317
2023/05/24 15:11:46.722756 [INFO] Download successful49bytes downloaded
2023/05/24 15:11:46.722822 [INFO] Trying to read and parse version manifest...
2023/05/24 15:11:46.722838 [INFO] Downloading file with path: /opt/elasticbeanstalk/deployment/app_source_bundle
2023/05/24 15:11:46.722877 [INFO] URL: https://elasticbeanstalk-platform-assets-ap-south-1.s3.ap-south-1.amazonaws.com/stalks/eb_nodejs18_amazon_linux_2_1.0.2103.0_20230424235913/sampleapp/EBSampleApp-Nodejs.zip
2023/05/24 15:11:46.753153 [INFO] Finished download file from https://elasticbeanstalk-platform-assets-ap-south-1.s3.ap-south-1.amazonaws.com/stalks/eb_nodejs18_amazon_linux_2_1.0.2103.0_20230424235913/sampleapp/EBSampleApp-Nodejs.zip
2023/05/24 15:11:46.753408 [INFO] Executing instruction: ElectLeader
2023/05/24 15:11:46.753416 [INFO] Running leader election for instance i-0acf11bd3af8fd164...
2023/05/24 15:11:46.753432 [INFO] Calling the cfn-elect-cmd-leader to elect the command leader.
2023/05/24 15:11:46.753445 [INFO] Running command /bin/sh -c /opt/aws/bin/cfn-elect-cmd-leader --stack arn:aws:cloudformation:ap-south-1:075370605157:stack/awseb-e-iqggcrpkfm-stack/23bdc480-fa45-11ed-bf21-0223640e7e62 --command-name ElasticBeanstalkCommand-AWSEBAutoScalingGroup --invocation-id d5f56bda-8523-49ec-90f8-a03a7862de0a --listener-id i-0acf11bd3af8fd164 --region ap-south-1
2023/05/24 15:11:47.082423 [INFO] Instance is Leader.
2023/05/24 15:11:47.082475 [INFO] Executing instruction: stopSqsd
2023/05/24 15:11:47.082480 [INFO] This is a web server environment instance, skip stop sqsd daemon ...
2023/05/24 15:11:47.082484 [INFO] Executing instruction: PreBuildEbExtension
2023/05/24 15:11:47.082489 [INFO] Starting executing the config set Infra-EmbeddedPreBuild.
2023/05/24 15:11:47.082501 [INFO] Running command /bin/sh -c /opt/aws/bin/cfn-init -s arn:aws:cloudformation:ap-south-1:075370605157:stack/awseb-e-iqggcrpkfm-stack/23bdc480-fa45-11ed-bf21-0223640e7e62 -r AWSEBAutoScalingGroup --region ap-south-1 --configsets Infra-EmbeddedPreBuild
2023/05/24 15:11:47.381912 [INFO] Finished executing the config set Infra-EmbeddedPreBuild.

2023/05/24 15:11:47.381931 [INFO] Executing instruction: StageApplication
2023/05/24 15:11:47.382029 [INFO] extracting /opt/elasticbeanstalk/deployment/app_source_bundle to /var/app/staging/
2023/05/24 15:11:47.382043 [INFO] Running command /bin/sh -c /usr/bin/unzip -q -o /opt/elasticbeanstalk/deployment/app_source_bundle -d /var/app/staging/
2023/05/24 15:11:47.384657 [INFO] finished extracting /opt/elasticbeanstalk/deployment/app_source_bundle to /var/app/staging/ successfully
2023/05/24 15:11:47.385081 [INFO] Executing instruction: RunAppDeployPreBuildHooks
2023/05/24 15:11:47.385113 [INFO] Executing platform hooks in .platform/hooks/prebuild/
2023/05/24 15:11:47.385125 [INFO] The dir .platform/hooks/prebuild/ does not exist
2023/05/24 15:11:47.385127 [INFO] Finished running scripts in /var/app/staging/.platform/hooks/prebuild
2023/05/24 15:11:47.385132 [INFO] Executing instruction: Install customer specified node.js version
2023/05/24 15:11:47.385134 [INFO] installing specified nodejs version...
2023/05/24 15:11:47.385197 [INFO] there is no nodejs version specified in package.json, skip installing specified version of nodejs
2023/05/24 15:11:47.385207 [INFO] Executing instruction: Use NPM to install dependencies
2023/05/24 15:11:47.385214 [INFO] use npm to install dependencies
2023/05/24 15:11:47.385241 [INFO] Getting npm verison
2023/05/24 15:11:47.385249 [INFO] Running command /bin/sh -c npm --version
2023/05/24 15:11:48.347979 [INFO] 9.5.1

2023/05/24 15:11:48.347998 [INFO] Using npm v9
2023/05/24 15:11:48.348013 [INFO] Running command /bin/su webapp -c npm --omit=dev install
2023/05/24 15:11:48.866560 [INFO] 
up to date, audited 1 package in 126ms

found 0 vulnerabilities

2023/05/24 15:11:48.866587 [INFO] Running command /bin/su webapp -c npm --omit=dev rebuild
2023/05/24 15:11:49.343863 [INFO] rebuilt dependencies successfully

2023/05/24 15:11:49.343882 [INFO] Executing instruction: check Procfile
2023/05/24 15:11:49.343886 [INFO] checking Procfile
2023/05/24 15:11:49.343896 [INFO] no Procfile found, generating Procfile
2023/05/24 15:11:49.343899 [INFO] checking package.json file
2023/05/24 15:11:49.343909 [INFO] found package.json file, using npm to start application
2023/05/24 15:11:49.344020 [INFO] Executing instruction: configure X-Ray
2023/05/24 15:11:49.344025 [INFO] X-Ray is not enabled.
2023/05/24 15:11:49.344029 [INFO] Executing instruction: configure proxy server
2023/05/24 15:11:49.349788 [INFO] Executing instruction: configure healthd specific proxy conf
2023/05/24 15:11:49.350933 [INFO] Running command /bin/sh -c systemctl show -p PartOf healthd.service
2023/05/24 15:11:49.356206 [INFO] Running command /bin/sh -c systemctl daemon-reload
2023/05/24 15:11:49.425148 [INFO] Running command /bin/sh -c systemctl reset-failed
2023/05/24 15:11:49.428712 [INFO] Running command /bin/sh -c systemctl is-enabled aws-eb.target
2023/05/24 15:11:49.431948 [INFO] Running command /bin/sh -c systemctl enable aws-eb.target
2023/05/24 15:11:49.512937 [INFO] Running command /bin/sh -c systemctl start aws-eb.target
2023/05/24 15:11:49.516636 [INFO] Running command /bin/sh -c systemctl enable healthd.service
2023/05/24 15:11:49.599999 [INFO] Created symlink from /etc/systemd/system/multi-user.target.wants/healthd.service to /etc/systemd/system/healthd.service.

2023/05/24 15:11:49.600031 [INFO] Running command /bin/sh -c systemctl show -p PartOf healthd.service
2023/05/24 15:11:49.604349 [INFO] Running command /bin/sh -c systemctl is-active healthd.service
2023/05/24 15:11:49.607432 [INFO] Running command /bin/sh -c systemctl start healthd.service
2023/05/24 15:11:49.641632 [INFO] Copying file /opt/elasticbeanstalk/config/private/healthd/healthd_logformat.conf to /var/proxy/staging/nginx/conf.d/healthd_logformat.conf
2023/05/24 15:11:49.642794 [INFO] Copying file /opt/elasticbeanstalk/config/private/healthd/healthd_nginx.conf to /var/proxy/staging/nginx/conf.d/elasticbeanstalk/healthd.conf
2023/05/24 15:11:49.643835 [INFO] Executing instruction: configure log streaming
2023/05/24 15:11:49.643845 [INFO] log streaming is not enabled
2023/05/24 15:11:49.643849 [INFO] disable log stream
2023/05/24 15:11:49.643865 [INFO] Running command /bin/sh -c systemctl show -p PartOf amazon-cloudwatch-agent.service
2023/05/24 15:11:49.650158 [INFO] Running command /bin/sh -c systemctl stop amazon-cloudwatch-agent.service
2023/05/24 15:11:49.655166 [INFO] Executing instruction: GetToggleForceRotate
2023/05/24 15:11:49.655181 [INFO] Checking if logs need forced rotation
2023/05/24 15:11:49.655198 [INFO] Running command /bin/sh -c /opt/aws/bin/cfn-get-metadata -s arn:aws:cloudformation:ap-south-1:075370605157:stack/awseb-e-iqggcrpkfm-stack/23bdc480-fa45-11ed-bf21-0223640e7e62 -r AWSEBAutoScalingGroup --region ap-south-1
2023/05/24 15:11:50.004014 [INFO] Running command /bin/sh -c /opt/aws/bin/cfn-get-metadata -s arn:aws:cloudformation:ap-south-1:075370605157:stack/awseb-e-iqggcrpkfm-stack/23bdc480-fa45-11ed-bf21-0223640e7e62 -r AWSEBBeanstalkMetadata --region ap-south-1
2023/05/24 15:11:50.374453 [INFO] Generating rsyslog config from Procfile
2023/05/24 15:11:50.375742 [INFO] Running command /bin/sh -c systemctl restart rsyslog.service
2023/05/24 15:11:50.402161 [INFO] Executing instruction: PostBuildEbExtension
2023/05/24 15:11:50.402186 [INFO] Starting executing the config set Infra-EmbeddedPostBuild.
2023/05/24 15:11:50.402206 [INFO] Running command /bin/sh -c /opt/aws/bin/cfn-init -s arn:aws:cloudformation:ap-south-1:075370605157:stack/awseb-e-iqggcrpkfm-stack/23bdc480-fa45-11ed-bf21-0223640e7e62 -r AWSEBAutoScalingGroup --region ap-south-1 --configsets Infra-EmbeddedPostBuild
2023/05/24 15:11:50.718514 [INFO] Finished executing the config set Infra-EmbeddedPostBuild.

2023/05/24 15:11:50.718544 [INFO] Executing instruction: CleanEbExtensions
2023/05/24 15:11:50.718646 [INFO] Cleaned ebextensions subdirectories from app staging directory.
2023/05/24 15:11:50.718650 [INFO] Executing instruction: RunAppDeployPreDeployHooks
2023/05/24 15:11:50.718659 [INFO] Executing platform hooks in .platform/hooks/predeploy/
2023/05/24 15:11:50.718670 [INFO] The dir .platform/hooks/predeploy/ does not exist
2023/05/24 15:11:50.718673 [INFO] Finished running scripts in /var/app/staging/.platform/hooks/predeploy
2023/05/24 15:11:50.718676 [INFO] Executing instruction: stop X-Ray
2023/05/24 15:11:50.718683 [INFO] stop X-Ray ...
2023/05/24 15:11:50.718695 [INFO] Running command /bin/sh -c systemctl show -p PartOf xray.service
2023/05/24 15:11:50.724708 [WARN] stopProcess Warning: process xray is not registered 
2023/05/24 15:11:50.724727 [INFO] Running command /bin/sh -c systemctl stop xray.service
2023/05/24 15:11:50.731558 [INFO] Executing instruction: stop proxy
2023/05/24 15:11:50.731576 [INFO] Running command /bin/sh -c systemctl show -p PartOf httpd.service
2023/05/24 15:11:50.737409 [WARN] deregisterProcess Warning: process httpd is not registered, skipping...

2023/05/24 15:11:50.737429 [INFO] Running command /bin/sh -c systemctl show -p PartOf nginx.service
2023/05/24 15:11:50.742978 [WARN] deregisterProcess Warning: process nginx is not registered, skipping...

2023/05/24 15:11:50.742996 [INFO] Executing instruction: FlipApplication
2023/05/24 15:11:50.743000 [INFO] Fetching environment variables...
2023/05/24 15:11:50.743007 [INFO] setting default port 8080 to application
2023/05/24 15:11:50.743097 [INFO] Purge old process...
2023/05/24 15:11:50.743107 [INFO] Removing /var/app/current/ if it exists
2023/05/24 15:11:50.743114 [INFO] Renaming /var/app/staging/ to /var/app/current/
2023/05/24 15:11:50.743126 [INFO] Register application processes...
2023/05/24 15:11:50.743128 [INFO] Registering the proc: web

2023/05/24 15:11:50.743136 [INFO] Running command /bin/sh -c systemctl show -p PartOf web.service
2023/05/24 15:11:50.748525 [INFO] Running command /bin/sh -c systemctl daemon-reload
2023/05/24 15:11:50.816954 [INFO] Running command /bin/sh -c systemctl reset-failed
2023/05/24 15:11:50.820150 [INFO] Running command /bin/sh -c systemctl is-enabled eb-app.target
2023/05/24 15:11:50.823309 [INFO] Copying file /opt/elasticbeanstalk/config/private/aws-eb.target to /etc/systemd/system/eb-app.target
2023/05/24 15:11:50.824785 [INFO] Running command /bin/sh -c systemctl enable eb-app.target
2023/05/24 15:11:50.894673 [INFO] Created symlink from /etc/systemd/system/multi-user.target.wants/eb-app.target to /etc/systemd/system/eb-app.target.

2023/05/24 15:11:50.894698 [INFO] Running command /bin/sh -c systemctl start eb-app.target
2023/05/24 15:11:50.898943 [INFO] Running command /bin/sh -c systemctl enable web.service
2023/05/24 15:11:50.970321 [INFO] Created symlink from /etc/systemd/system/multi-user.target.wants/web.service to /etc/systemd/system/web.service.

2023/05/24 15:11:50.970350 [INFO] Running command /bin/sh -c systemctl show -p PartOf web.service
2023/05/24 15:11:50.974736 [INFO] Running command /bin/sh -c systemctl is-active web.service
2023/05/24 15:11:50.977855 [INFO] Running command /bin/sh -c systemctl start web.service
2023/05/24 15:11:51.008488 [INFO] Executing instruction: start X-Ray
2023/05/24 15:11:51.008504 [INFO] X-Ray is not enabled.
2023/05/24 15:11:51.008509 [INFO] Executing instruction: start proxy with new configuration
2023/05/24 15:11:51.008537 [INFO] Running command /bin/sh -c /usr/sbin/nginx -t -c /var/proxy/staging/nginx/nginx.conf
2023/05/24 15:11:51.070440 [INFO] nginx: the configuration file /var/proxy/staging/nginx/nginx.conf syntax is ok
nginx: configuration file /var/proxy/staging/nginx/nginx.conf test is successful

2023/05/24 15:11:51.070516 [INFO] Running command /bin/sh -c cp -rp /var/proxy/staging/nginx/* /etc/nginx
2023/05/24 15:11:51.074831 [INFO] Running command /bin/sh -c systemctl show -p PartOf nginx.service
2023/05/24 15:11:51.081670 [INFO] Running command /bin/sh -c systemctl daemon-reload
2023/05/24 15:11:51.168036 [INFO] Running command /bin/sh -c systemctl reset-failed
2023/05/24 15:11:51.173341 [INFO] Running command /bin/sh -c systemctl show -p PartOf nginx.service
2023/05/24 15:11:51.180932 [INFO] Running command /bin/sh -c systemctl is-active nginx.service
2023/05/24 15:11:51.185351 [INFO] Running command /bin/sh -c systemctl start nginx.service
2023/05/24 15:11:51.303186 [INFO] Executing instruction: configureSqsd
2023/05/24 15:11:51.303203 [INFO] This is a web server environment instance, skip configure sqsd daemon ...
2023/05/24 15:11:51.303207 [INFO] Executing instruction: startSqsd
2023/05/24 15:11:51.303211 [INFO] This is a web server environment instance, skip start sqsd daemon ...
2023/05/24 15:11:51.303214 [INFO] Executing instruction: Track pids in healthd
2023/05/24 15:11:51.303218 [INFO] This is an enhanced health env...
2023/05/24 15:11:51.303232 [INFO] Running command /bin/sh -c systemctl show -p ConsistsOf aws-eb.target | cut -d= -f2
2023/05/24 15:11:51.310642 [INFO] cfn-hup.service healthd.service nginx.service

2023/05/24 15:11:51.310674 [INFO] Running command /bin/sh -c systemctl show -p ConsistsOf eb-app.target | cut -d= -f2
2023/05/24 15:11:51.317171 [INFO] web.service

2023/05/24 15:11:51.317303 [INFO] Executing instruction: RunAppDeployPostDeployHooks
2023/05/24 15:11:51.317317 [INFO] Executing platform hooks in .platform/hooks/postdeploy/
2023/05/24 15:11:51.317333 [INFO] The dir .platform/hooks/postdeploy/ does not exist
2023/05/24 15:11:51.317337 [INFO] Finished running scripts in /var/app/current/.platform/hooks/postdeploy
2023/05/24 15:11:51.317342 [INFO] Executing cleanup logic
2023/05/24 15:11:51.317458 [INFO] CommandService Response: {"status":"SUCCESS","api_version":"1.0","results":[{"status":"SUCCESS","msg":"Engine execution has succeeded.","returncode":0,"events":[{"msg":"Instance deployment: You didn't specify a Node.js version in the 'package.json' file in your source bundle. The deployment didn't install a specific Node.js version.","timestamp":1684941107385,"severity":"INFO"},{"msg":"Instance deployment completed successfully.","timestamp":1684941111317,"severity":"INFO"}]}]}

2023/05/24 15:11:51.317724 [INFO] Platform Engine finished execution on command: app-deploy

2023/05/24 15:24:31.121057 [INFO] Starting...
2023/05/24 15:24:31.121089 [INFO] Starting EBPlatform-PlatformEngine
2023/05/24 15:24:31.121104 [INFO] reading event message file
2023/05/24 15:24:31.121228 [INFO] Engine received EB command cfn-hup-exec

2023/05/24 15:24:31.179913 [INFO] Running command /bin/sh -c /opt/aws/bin/cfn-get-metadata -s arn:aws:cloudformation:ap-south-1:075370605157:stack/awseb-e-iqggcrpkfm-stack/23bdc480-fa45-11ed-bf21-0223640e7e62 -r AWSEBAutoScalingGroup --region ap-south-1
2023/05/24 15:24:31.500658 [INFO] Running command /bin/sh -c /opt/aws/bin/cfn-get-metadata -s arn:aws:cloudformation:ap-south-1:075370605157:stack/awseb-e-iqggcrpkfm-stack/23bdc480-fa45-11ed-bf21-0223640e7e62 -r AWSEBBeanstalkMetadata --region ap-south-1
2023/05/24 15:24:31.887806 [INFO] checking whether command app-deploy is applicable to this instance...
2023/05/24 15:24:31.887817 [INFO] this command is applicable to the instance, thus instance should execute command
2023/05/24 15:24:31.887819 [INFO] Engine command: (app-deploy)

2023/05/24 15:24:31.887823 [INFO] Downloading EB Application...
2023/05/24 15:24:31.887825 [INFO] Region: ap-south-1
2023/05/24 15:24:31.887828 [INFO] envID: e-iqggcrpkfm
2023/05/24 15:24:31.887833 [INFO] envBucket: elasticbeanstalk-ap-south-1-075370605157
2023/05/24 15:24:31.887836 [INFO] Using manifest file name from command request
2023/05/24 15:24:31.887841 [INFO] Manifest name is : manifest_1684941850420
2023/05/24 15:24:31.887843 [INFO] Download app version manifest
2023/05/24 15:24:31.887937 [INFO] Downloading: bucket: elasticbeanstalk-ap-south-1-075370605157, object: /resources/environments/e-iqggcrpkfm/_runtime/versions/manifest_1684941850420
2023/05/24 15:24:31.927274 [INFO] Download successful145bytes downloaded
2023/05/24 15:24:31.927396 [INFO] Trying to read and parse version manifest...
2023/05/24 15:24:31.927449 [INFO] Downloading: bucket: elasticbeanstalk-ap-south-1-075370605157, object: /resources/environments/e-iqggcrpkfm/_runtime/_versions/Jwellery/code-pipeline-1684941844649-5aa2863f25d3382dbd488c1ddf26da4c081cc9e3
2023/05/24 15:24:31.941459 [INFO] Download successful19420bytes downloaded
2023/05/24 15:24:31.941634 [INFO] Executing instruction: ElectLeader
2023/05/24 15:24:31.941640 [INFO] Running leader election for instance i-0acf11bd3af8fd164...
2023/05/24 15:24:31.941643 [INFO] Calling the cfn-elect-cmd-leader to elect the command leader.
2023/05/24 15:24:31.941655 [INFO] Running command /bin/sh -c /opt/aws/bin/cfn-elect-cmd-leader --stack arn:aws:cloudformation:ap-south-1:075370605157:stack/awseb-e-iqggcrpkfm-stack/23bdc480-fa45-11ed-bf21-0223640e7e62 --command-name ElasticBeanstalkCommand-AWSEBAutoScalingGroup --invocation-id 8ed1b58d-bc84-4f71-b489-14ff6567cba7 --listener-id i-0acf11bd3af8fd164 --region ap-south-1
2023/05/24 15:24:32.256988 [INFO] Instance is Leader.
2023/05/24 15:24:32.257040 [INFO] Executing instruction: stopSqsd
2023/05/24 15:24:32.257045 [INFO] This is a web server environment instance, skip stop sqsd daemon ...
2023/05/24 15:24:32.257048 [INFO] Executing instruction: PreBuildEbExtension
2023/05/24 15:24:32.257053 [INFO] Starting executing the config set Infra-EmbeddedPreBuild.
2023/05/24 15:24:32.257065 [INFO] Running command /bin/sh -c /opt/aws/bin/cfn-init -s arn:aws:cloudformation:ap-south-1:075370605157:stack/awseb-e-iqggcrpkfm-stack/23bdc480-fa45-11ed-bf21-0223640e7e62 -r AWSEBAutoScalingGroup --region ap-south-1 --configsets Infra-EmbeddedPreBuild
2023/05/24 15:24:32.522043 [INFO] Finished executing the config set Infra-EmbeddedPreBuild.

2023/05/24 15:24:32.522061 [INFO] Executing instruction: StageApplication
2023/05/24 15:24:32.522187 [INFO] extracting /opt/elasticbeanstalk/deployment/app_source_bundle to /var/app/staging/
2023/05/24 15:24:32.522199 [INFO] Running command /bin/sh -c /usr/bin/unzip -q -o /opt/elasticbeanstalk/deployment/app_source_bundle -d /var/app/staging/
2023/05/24 15:24:32.525059 [INFO] finished extracting /opt/elasticbeanstalk/deployment/app_source_bundle to /var/app/staging/ successfully
2023/05/24 15:24:32.525492 [INFO] Executing instruction: RunAppDeployPreBuildHooks
2023/05/24 15:24:32.525516 [INFO] Executing platform hooks in .platform/hooks/prebuild/
2023/05/24 15:24:32.525528 [INFO] The dir .platform/hooks/prebuild/ does not exist
2023/05/24 15:24:32.525532 [INFO] Finished running scripts in /var/app/staging/.platform/hooks/prebuild
2023/05/24 15:24:32.525537 [INFO] Executing instruction: Install customer specified node.js version
2023/05/24 15:24:32.525541 [INFO] installing specified nodejs version...
2023/05/24 15:24:32.525608 [INFO] there is no nodejs version specified in package.json, skip installing specified version of nodejs
2023/05/24 15:24:32.525614 [INFO] Executing instruction: Use NPM to install dependencies
2023/05/24 15:24:32.525623 [INFO] use npm to install dependencies
2023/05/24 15:24:32.525649 [INFO] Getting npm verison
2023/05/24 15:24:32.525656 [INFO] Running command /bin/sh -c npm --version
2023/05/24 15:24:32.908441 [INFO] 9.5.1

2023/05/24 15:24:32.908459 [INFO] Using npm v9
2023/05/24 15:24:32.908472 [INFO] Running command /bin/su webapp -c npm --omit=dev install
2023/05/24 15:24:36.076004 [INFO] 
added 163 packages, and audited 164 packages in 3s

13 packages are looking for funding
  run `npm fund` for details

1 high severity vulnerability

To address all issues, run:
  npm audit fix

Run `npm audit` for details.

2023/05/24 15:24:36.076030 [INFO] npm WARN deprecated debug@4.1.1: Debug versions >=3.2.0 <3.2.7 || >=4 <4.3.1 have a low-severity ReDos regression when used in a Node.js environment. It is recommended you upgrade to 3.2.7 or 4.3.1. (https://github.com/visionmedia/debug/issues/797)
npm WARN deprecated debug@4.1.1: Debug versions >=3.2.0 <3.2.7 || >=4 <4.3.1 have a low-severity ReDos regression when used in a Node.js environment. It is recommended you upgrade to 3.2.7 or 4.3.1. (https://github.com/visionmedia/debug/issues/797)
npm WARN deprecated debug@4.1.1: Debug versions >=3.2.0 <3.2.7 || >=4 <4.3.1 have a low-severity ReDos regression when used in a Node.js environment. It is recommended you upgrade to 3.2.7 or 4.3.1. (https://github.com/visionmedia/debug/issues/797)

2023/05/24 15:24:36.076046 [INFO] Running command /bin/su webapp -c npm --omit=dev rebuild
2023/05/24 15:24:36.835572 [INFO] rebuilt dependencies successfully

2023/05/24 15:24:36.835588 [INFO] Executing instruction: check Procfile
2023/05/24 15:24:36.835592 [INFO] checking Procfile
2023/05/24 15:24:36.835605 [INFO] no Procfile found, generating Procfile
2023/05/24 15:24:36.835608 [INFO] checking package.json file
2023/05/24 15:24:36.835618 [INFO] found package.json file, using npm to start application
2023/05/24 15:24:36.835736 [INFO] Executing instruction: configure X-Ray
2023/05/24 15:24:36.835740 [INFO] X-Ray is not enabled.
2023/05/24 15:24:36.835743 [INFO] Executing instruction: configure proxy server
2023/05/24 15:24:36.846519 [INFO] Executing instruction: configure healthd specific proxy conf
2023/05/24 15:24:36.847614 [INFO] Running command /bin/sh -c systemctl show -p PartOf healthd.service
2023/05/24 15:24:36.851875 [WARN] Warning: process healthd is already registered...
Deregistering the process ...
2023/05/24 15:24:36.851891 [INFO] Running command /bin/sh -c systemctl show -p PartOf healthd.service
2023/05/24 15:24:36.855473 [INFO] Running command /bin/sh -c systemctl is-active healthd.service
2023/05/24 15:24:36.858415 [INFO] Running command /bin/sh -c systemctl show -p PartOf healthd.service
2023/05/24 15:24:36.861804 [INFO] Running command /bin/sh -c systemctl stop healthd.service
2023/05/24 15:24:36.889410 [INFO] Running command /bin/sh -c systemctl disable healthd.service
2023/05/24 15:24:36.971047 [INFO] Removed symlink /etc/systemd/system/multi-user.target.wants/healthd.service.

2023/05/24 15:24:36.971151 [INFO] Running command /bin/sh -c systemctl daemon-reload
2023/05/24 15:24:37.054725 [INFO] Running command /bin/sh -c systemctl reset-failed
2023/05/24 15:24:37.059881 [INFO] Running command /bin/sh -c systemctl daemon-reload
2023/05/24 15:24:37.141313 [INFO] Running command /bin/sh -c systemctl reset-failed
2023/05/24 15:24:37.144841 [INFO] Running command /bin/sh -c systemctl is-enabled aws-eb.target
2023/05/24 15:24:37.148404 [INFO] Running command /bin/sh -c systemctl enable aws-eb.target
2023/05/24 15:24:37.226013 [INFO] Running command /bin/sh -c systemctl start aws-eb.target
2023/05/24 15:24:37.229759 [INFO] Running command /bin/sh -c systemctl enable healthd.service
2023/05/24 15:24:37.302658 [INFO] Created symlink from /etc/systemd/system/multi-user.target.wants/healthd.service to /etc/systemd/system/healthd.service.

2023/05/24 15:24:37.302692 [INFO] Running command /bin/sh -c systemctl show -p PartOf healthd.service
2023/05/24 15:24:37.307247 [INFO] Running command /bin/sh -c systemctl is-active healthd.service
2023/05/24 15:24:37.310471 [INFO] Running command /bin/sh -c systemctl start healthd.service
2023/05/24 15:24:37.331157 [INFO] Copying file /opt/elasticbeanstalk/config/private/healthd/healthd_logformat.conf to /var/proxy/staging/nginx/conf.d/healthd_logformat.conf
2023/05/24 15:24:37.332084 [INFO] Copying file /opt/elasticbeanstalk/config/private/healthd/healthd_nginx.conf to /var/proxy/staging/nginx/conf.d/elasticbeanstalk/healthd.conf
2023/05/24 15:24:37.333045 [INFO] Executing instruction: configure log streaming
2023/05/24 15:24:37.333054 [INFO] log streaming is not enabled
2023/05/24 15:24:37.333058 [INFO] disable log stream
2023/05/24 15:24:37.333073 [INFO] Running command /bin/sh -c systemctl show -p PartOf amazon-cloudwatch-agent.service
2023/05/24 15:24:37.340868 [INFO] Running command /bin/sh -c systemctl stop amazon-cloudwatch-agent.service
2023/05/24 15:24:37.347973 [INFO] Executing instruction: GetToggleForceRotate
2023/05/24 15:24:37.347993 [INFO] Checking if logs need forced rotation
2023/05/24 15:24:37.348012 [INFO] Running command /bin/sh -c /opt/aws/bin/cfn-get-metadata -s arn:aws:cloudformation:ap-south-1:075370605157:stack/awseb-e-iqggcrpkfm-stack/23bdc480-fa45-11ed-bf21-0223640e7e62 -r AWSEBAutoScalingGroup --region ap-south-1
2023/05/24 15:24:37.769939 [INFO] Running command /bin/sh -c /opt/aws/bin/cfn-get-metadata -s arn:aws:cloudformation:ap-south-1:075370605157:stack/awseb-e-iqggcrpkfm-stack/23bdc480-fa45-11ed-bf21-0223640e7e62 -r AWSEBBeanstalkMetadata --region ap-south-1
2023/05/24 15:24:38.089028 [INFO] Generating rsyslog config from Procfile
2023/05/24 15:24:38.090170 [INFO] Running command /bin/sh -c systemctl restart rsyslog.service
2023/05/24 15:24:38.116645 [INFO] Executing instruction: PostBuildEbExtension
2023/05/24 15:24:38.116666 [INFO] Starting executing the config set Infra-EmbeddedPostBuild.
2023/05/24 15:24:38.116681 [INFO] Running command /bin/sh -c /opt/aws/bin/cfn-init -s arn:aws:cloudformation:ap-south-1:075370605157:stack/awseb-e-iqggcrpkfm-stack/23bdc480-fa45-11ed-bf21-0223640e7e62 -r AWSEBAutoScalingGroup --region ap-south-1 --configsets Infra-EmbeddedPostBuild
2023/05/24 15:24:38.452597 [INFO] Finished executing the config set Infra-EmbeddedPostBuild.

2023/05/24 15:24:38.452617 [INFO] Executing instruction: CleanEbExtensions
2023/05/24 15:24:38.452647 [INFO] Cleaned ebextensions subdirectories from app staging directory.
2023/05/24 15:24:38.452651 [INFO] Executing instruction: RunAppDeployPreDeployHooks
2023/05/24 15:24:38.452668 [INFO] Executing platform hooks in .platform/hooks/predeploy/
2023/05/24 15:24:38.452680 [INFO] The dir .platform/hooks/predeploy/ does not exist
2023/05/24 15:24:38.452683 [INFO] Finished running scripts in /var/app/staging/.platform/hooks/predeploy
2023/05/24 15:24:38.452688 [INFO] Executing instruction: stop X-Ray
2023/05/24 15:24:38.452690 [INFO] stop X-Ray ...
2023/05/24 15:24:38.452700 [INFO] Running command /bin/sh -c systemctl show -p PartOf xray.service
2023/05/24 15:24:38.458078 [WARN] stopProcess Warning: process xray is not registered 
2023/05/24 15:24:38.458102 [INFO] Running command /bin/sh -c systemctl stop xray.service
2023/05/24 15:24:38.464308 [INFO] Executing instruction: stop proxy
2023/05/24 15:24:38.464331 [INFO] Running command /bin/sh -c systemctl show -p PartOf httpd.service
2023/05/24 15:24:38.468925 [WARN] deregisterProcess Warning: process httpd is not registered, skipping...

2023/05/24 15:24:38.468945 [INFO] Running command /bin/sh -c systemctl show -p PartOf nginx.service
2023/05/24 15:24:38.472993 [INFO] Running command /bin/sh -c systemctl is-active nginx.service
2023/05/24 15:24:38.475895 [INFO] Running command /bin/sh -c systemctl show -p PartOf nginx.service
2023/05/24 15:24:38.479439 [INFO] Running command /bin/sh -c systemctl stop nginx.service
2023/05/24 15:24:38.540867 [INFO] Running command /bin/sh -c systemctl disable nginx.service
2023/05/24 15:24:38.607979 [INFO] Running command /bin/sh -c systemctl daemon-reload
2023/05/24 15:24:38.675958 [INFO] Running command /bin/sh -c systemctl reset-failed
2023/05/24 15:24:38.679354 [INFO] Executing instruction: FlipApplication
2023/05/24 15:24:38.679366 [INFO] Fetching environment variables...
2023/05/24 15:24:38.679371 [INFO] setting default port 8080 to application
2023/05/24 15:24:38.679478 [INFO] Purge old process...
2023/05/24 15:24:38.679495 [INFO] Running command /bin/sh -c systemctl stop eb-app.target
2023/05/24 15:24:38.687352 [INFO] Running command /bin/sh -c systemctl show -p ConsistsOf eb-app.target | cut -d= -f2
2023/05/24 15:24:38.695293 [INFO] web.service

2023/05/24 15:24:38.695309 [INFO] deregistering process: web
2023/05/24 15:24:38.695322 [INFO] Running command /bin/sh -c systemctl show -p PartOf web.service
2023/05/24 15:24:38.699194 [INFO] Running command /bin/sh -c systemctl is-active web.service
2023/05/24 15:24:38.702046 [INFO] Running command /bin/sh -c systemctl disable web.service
2023/05/24 15:24:38.765788 [INFO] Removed symlink /etc/systemd/system/multi-user.target.wants/web.service.

2023/05/24 15:24:38.765947 [INFO] Running command /bin/sh -c systemctl daemon-reload
2023/05/24 15:24:38.849700 [INFO] Running command /bin/sh -c systemctl reset-failed
2023/05/24 15:24:38.853104 [INFO] Running command /bin/sh -c systemctl is-active web.service
2023/05/24 15:24:38.856145 [INFO] Process web has been fully terminated
2023/05/24 15:24:38.856157 [INFO] All processes have been fully terminated
2023/05/24 15:24:38.856160 [INFO] Removing /var/app/current/ if it exists
2023/05/24 15:24:38.856360 [INFO] Renaming /var/app/staging/ to /var/app/current/
2023/05/24 15:24:38.856374 [INFO] Register application processes...
2023/05/24 15:24:38.856377 [INFO] Registering the proc: web

2023/05/24 15:24:38.856393 [INFO] Running command /bin/sh -c systemctl show -p PartOf web.service
2023/05/24 15:24:38.861511 [INFO] Running command /bin/sh -c systemctl daemon-reload
2023/05/24 15:24:38.933839 [INFO] Running command /bin/sh -c systemctl reset-failed
2023/05/24 15:24:38.937182 [INFO] Running command /bin/sh -c systemctl is-enabled eb-app.target
2023/05/24 15:24:38.940315 [INFO] Running command /bin/sh -c systemctl enable eb-app.target
2023/05/24 15:24:38.995279 [INFO] Running command /bin/sh -c systemctl start eb-app.target
2023/05/24 15:24:38.999456 [INFO] Running command /bin/sh -c systemctl enable web.service
2023/05/24 15:24:39.077950 [INFO] Created symlink from /etc/systemd/system/multi-user.target.wants/web.service to /etc/systemd/system/web.service.

2023/05/24 15:24:39.077991 [INFO] Running command /bin/sh -c systemctl show -p PartOf web.service
2023/05/24 15:24:39.082434 [INFO] Running command /bin/sh -c systemctl is-active web.service
2023/05/24 15:24:39.085509 [INFO] Running command /bin/sh -c systemctl start web.service
2023/05/24 15:24:39.101039 [INFO] Executing instruction: start X-Ray
2023/05/24 15:24:39.101055 [INFO] X-Ray is not enabled.
2023/05/24 15:24:39.101059 [INFO] Executing instruction: start proxy with new configuration
2023/05/24 15:24:39.101081 [INFO] Running command /bin/sh -c /usr/sbin/nginx -t -c /var/proxy/staging/nginx/nginx.conf
2023/05/24 15:24:39.109144 [INFO] nginx: the configuration file /var/proxy/staging/nginx/nginx.conf syntax is ok
nginx: configuration file /var/proxy/staging/nginx/nginx.conf test is successful

2023/05/24 15:24:39.109389 [INFO] Running command /bin/sh -c cp -rp /var/proxy/staging/nginx/* /etc/nginx
2023/05/24 15:24:39.112160 [INFO] Running command /bin/sh -c systemctl show -p PartOf nginx.service
2023/05/24 15:24:39.119292 [INFO] Running command /bin/sh -c systemctl daemon-reload
